-6.15e-01 -6.28e-01 -6.36e-01 -6.42e-01 -6.51e-01 -6.55e-01 -6.61e-01 -6.65e-01 -6.66e-01 -6.66e-01 -6.65e-01 -6.59e-01 -6.53e-01 -6.49e-01 -6.43e-01 -6.34e-01 -6.22e-01 -5.96e-01
-5.71e-01 -5.94e-01 -6.09e-01 -6.18e-01 -6.25e-01 -6.31e-01 -6.35e-01 -6.38e-01 -6.40e-01 -6.40e-01 -6.37e-01 -6.33e-01 -6.28e-01 -6.22e-01 -6.14e-01 -6.04e-01 -5.79e-01 -5.63e-01
-5.43e-01 -5.46e-01 -5.61e-01 -5.70e-01 -5.77e-01 -5.82e-01 -5.86e-01 -5.88e-01 -5.89e-01 -5.89e-01 -5.87e-01 -5.83e-01 -5.78e-01 -5.71e-01 -5.62e-01 -5.49e-01 -5.34e-01 -5.30e-01
-5.09e-01 -5.13e-01 -5.19e-01 -5.26e-01 -5.31e-01 -5.35e-01 -5.38e-01 -5.40e-01 -5.41e-01 -5.40e-01 -5.38e-01 -5.35e-01 -5.30e-01 -5.23e-01 -5.14e-01 -5.04e-01 -4.94e-01 -4.90e-01
-4.79e-01 -4.78e-01 -4.80e-01 -4.84e-01 -4.87e-01 -4.90e-01 -4.92e-01 -4.94e-01 -4.94e-01 -4.94e-01 -4.92e-01 -4.89e-01 -4.85e-01 -4.78e-01 -4.70e-01 -4.62e-01 -4.54e-01 -4.50e-01
-4.42e-01 -4.41e-01 -4.41e-01 -4.42e-01 -4.44e-01 -4.46e-01 -4.47e-01 -4.48e-01 -4.49e-01 -4.49e-01 -4.48e-01 -4.46e-01 -4.42e-01 -4.37e-01 -4.31e-01 -4.23e-01 -4.15e-01 -4.12e-01
-4.03e-01 -4.01e-01 -4.00e-01 -4.00e-01 -4.00e-01 -4.01e-01 -4.03e-01 -4.04e-01 -4.05e-01 -4.05e-01 -4.05e-01 -4.04e-01 -4.03e-01 -4.00e-01 -3.95e-01 -3.88e-01 -3.80e-01 -3.76e-01
-3.62e-01 -3.59e-01 -3.57e-01 -3.56e-01 -3.56e-01 -3.57e-01 -3.58e-01 -3.60e-01 -3.61e-01 -3.62e-01 -3.63e-01 -3.64e-01 -3.65e-01 -3.65e-01 -3.64e-01 -3.60e-01 -3.54e-01 -3.53e-01
-3.12e-01 -3.12e-01 -3.12e-01 -3.12e-01 -3.12e-01 -3.13e-01 -3.14e-01 -3.15e-01 -3.17e-01 -3.19e-01 -3.21e-01 -3.24e-01 -3.27e-01 -3.31e-01 -3.35e-01 -3.40e-01 -3.44e-01 -3.42e-01
-2.65e-01 -2.66e-01 -2.67e-01 -2.67e-01 -2.67e-01 -2.67e-01 -2.69e-01 -2.71e-01 -2.73e-01 -2.76e-01 -2.79e-01 -2.83e-01 -2.88e-01 -2.95e-01 -3.05e-01 -3.18e-01 -3.37e-01 -3.43e-01
-2.24e-01 -2.23e-01 -2.22e-01 -2.21e-01 -2.21e-01 -2.21e-01 -2.23e-01 -2.25e-01 -2.28e-01 -2.32e-01 -2.36e-01 -2.41e-01 -2.47e-01 -2.56e-01 -2.68e-01 -2.87e-01 -3.11e-01 -3.32e-01
-1.83e-01 -1.79e-01 -1.76e-01 -1.74e-01 -1.73e-01 -1.74e-01 -1.76e-01 -1.79e-01 -1.83e-01 -1.87e-01 -1.91e-01 -1.96e-01 -2.03e-01 -2.12e-01 -2.25e-01 -2.44e-01 -2.76e-01 -2.96e-01
-1.33e-01 -1.33e-01 -1.29e-01 -1.25e-01 -1.24e-01 -1.24e-01 -1.27e-01 -1.32e-01 -1.37e-01 -1.42e-01 -1.46e-01 -1.51e-01 -1.56e-01 -1.64e-01 -1.75e-01 -1.93e-01 -2.20e-01 -2.56e-01
-8.92e-02 -8.77e-02 -8.05e-02 -7.41e-02 -7.12e-02 -7.24e-02 -7.68e-02 -8.32e-02 -9.03e-02 -9.66e-02 -1.02e-01 -1.05e-01 -1.08e-01 -1.12e-01 -1.20e-01 -1.33e-01 -1.56e-01 -1.63e-01
-5.03e-02 -4.45e-02 -2.91e-02 -1.79e-02 -1.35e-02 -1.59e-02 -2.33e-02 -3.33e-02 -4.41e-02 -5.33e-02 -5.89e-02 -6.04e-02 -5.86e-02 -5.72e-02 -6.00e-02 -6.97e-02 -8.51e-02 -1.00e-01
-9.32e-03 2.61e-03 3.00e-02 4.79e-02 5.26e-02 4.72e-02 3.50e-02 1.90e-02 1.84e-03 -1.30e-02 -2.12e-02 -1.98e-02 -8.67e-03 3.99e-03 6.10e-03 -3.50e-05 -1.15e-02 -1.66e-02
3.44e-02 5.98e-02 1.11e-01 1.29e-01 1.31e-01 1.20e-01 1.01e-01 7.68e-02 5.01e-02 2.21e-02 5.46e-03 1.27e-02 4.46e-02 7.87e-02 8.45e-02 7.21e-02 6.80e-02 6.08e-02
6.82e-02 1.28e-01 1.64e-01 1.78e-01 1.81e-01 1.64e-01 1.40e-01 1.09e-01 8.03e-02 4.40e-02 1.26e-02 2.71e-02 8.76e-02 1.57e-01 1.36e-01 1.01e-01 9.97e-02 1.17e-01
