-3.28e-01 -3.11e-01 -2.92e-01 -2.70e-01 -2.47e-01 -2.23e-01 -1.98e-01 -1.73e-01 -1.50e-01 -1.31e-01 -1.08e-01 -8.56e-02 -6.31e-02 -4.26e-02 -2.07e-02 5.25e-03 2.85e-02 5.30e-02
-3.36e-01 -3.21e-01 -2.95e-01 -2.73e-01 -2.49e-01 -2.25e-01 -2.01e-01 -1.77e-01 -1.55e-01 -1.33e-01 -1.12e-01 -9.12e-02 -7.08e-02 -5.09e-02 -3.14e-02 -1.17e-02 6.89e-03 1.20e-02
-3.41e-01 -3.29e-01 -3.03e-01 -2.78e-01 -2.54e-01 -2.30e-01 -2.07e-01 -1.84e-01 -1.62e-01 -1.41e-01 -1.21e-01 -1.02e-01 -8.37e-02 -6.73e-02 -5.21e-02 -3.83e-02 -2.20e-02 -1.11e-02
-3.48e-01 -3.35e-01 -3.09e-01 -2.84e-01 -2.59e-01 -2.35e-01 -2.12e-01 -1.89e-01 -1.68e-01 -1.47e-01 -1.28e-01 -1.10e-01 -9.41e-02 -8.03e-02 -6.87e-02 -5.80e-02 -4.59e-02 -3.64e-02
-3.53e-01 -3.40e-01 -3.14e-01 -2.89e-01 -2.64e-01 -2.40e-01 -2.16e-01 -1.93e-01 -1.72e-01 -1.51e-01 -1.32e-01 -1.16e-01 -1.01e-01 -8.88e-02 -7.93e-02 -7.18e-02 -6.45e-02 -5.84e-02
-3.60e-01 -3.46e-01 -3.19e-01 -2.93e-01 -2.68e-01 -2.43e-01 -2.19e-01 -1.96e-01 -1.74e-01 -1.53e-01 -1.35e-01 -1.18e-01 -1.03e-01 -9.16e-02 -8.27e-02 -7.63e-02 -7.06e-02 -6.60e-02
-3.63e-01 -3.50e-01 -3.24e-01 -2.98e-01 -2.72e-01 -2.46e-01 -2.21e-01 -1.97e-01 -1.75e-01 -1.53e-01 -1.34e-01 -1.16e-01 -1.01e-01 -8.80e-02 -7.78e-02 -6.90e-02 -6.07e-02 -5.51e-02
-3.68e-01 -3.55e-01 -3.29e-01 -3.02e-01 -2.75e-01 -2.48e-01 -2.22e-01 -1.97e-01 -1.73e-01 -1.51e-01 -1.29e-01 -1.10e-01 -9.28e-02 -7.75e-02 -6.38e-02 -4.99e-02 -3.23e-02 -2.12e-02
-3.76e-01 -3.62e-01 -3.34e-01 -3.06e-01 -2.78e-01 -2.50e-01 -2.23e-01 -1.96e-01 -1.70e-01 -1.46e-01 -1.22e-01 -1.00e-01 -7.98e-02 -6.03e-02 -4.09e-02 -1.94e-02 8.99e-03 2.35e-02
-3.83e-01 -3.69e-01 -3.40e-01 -3.10e-01 -2.80e-01 -2.51e-01 -2.22e-01 -1.94e-01 -1.66e-01 -1.39e-01 -1.13e-01 -8.75e-02 -6.24e-02 -3.70e-02 -9.83e-03 2.37e-02 6.85e-02 1.09e-01
-3.96e-01 -3.79e-01 -3.47e-01 -3.14e-01 -2.83e-01 -2.52e-01 -2.21e-01 -1.90e-01 -1.61e-01 -1.31e-01 -1.02e-01 -7.26e-02 -4.23e-02 -9.97e-03 2.71e-02 7.40e-02 1.42e-01 1.97e-01
-4.07e-01 -3.89e-01 -3.54e-01 -3.19e-01 -2.85e-01 -2.52e-01 -2.19e-01 -1.87e-01 -1.55e-01 -1.23e-01 -9.06e-02 -5.73e-02 -2.19e-02 1.74e-02 6.39e-02 1.24e-01 2.08e-01 2.69e-01
-4.23e-01 -4.01e-01 -3.61e-01 -3.23e-01 -2.87e-01 -2.51e-01 -2.16e-01 -1.82e-01 -1.49e-01 -1.15e-01 -7.99e-02 -4.34e-02 -3.86e-03 4.07e-02 9.41e-02 1.62e-01 2.59e-01 3.31e-01
-4.33e-01 -4.09e-01 -3.67e-01 -3.26e-01 -2.87e-01 -2.49e-01 -2.13e-01 -1.77e-01 -1.43e-01 -1.07e-01 -7.10e-02 -3.24e-02 9.52e-03 5.66e-02 1.12e-01 1.82e-01 2.75e-01 3.61e-01
-4.36e-01 -4.15e-01 -3.70e-01 -3.27e-01 -2.86e-01 -2.46e-01 -2.08e-01 -1.72e-01 -1.37e-01 -1.01e-01 -6.43e-02 -2.48e-02 1.77e-02 6.40e-02 1.16e-01 1.77e-01 2.50e-01 3.00e-01
-4.41e-01 -4.18e-01 -3.74e-01 -3.27e-01 -2.82e-01 -2.39e-01 -2.01e-01 -1.65e-01 -1.32e-01 -9.76e-02 -6.02e-02 -1.99e-02 2.15e-02 6.52e-02 1.12e-01 1.65e-01 2.18e-01 2.41e-01
-4.45e-01 -4.28e-01 -3.78e-01 -3.26e-01 -2.74e-01 -2.27e-01 -1.88e-01 -1.57e-01 -1.28e-01 -9.77e-02 -5.87e-02 -1.58e-02 2.37e-02 6.23e-02 1.03e-01 1.45e-01 2.09e-01 2.28e-01
-4.65e-01 -4.30e-01 -3.87e-01 -3.26e-01 -2.64e-01 -2.14e-01 -1.78e-01 -1.50e-01 -1.30e-01 -1.01e-01 -6.08e-02 -9.96e-03 2.27e-02 6.26e-02 9.65e-02 1.33e-01 1.82e-01 2.49e-01
