-2.31e-01 -2.97e-01 -3.63e-01 -4.27e-01 -4.77e-01 -4.99e-01 -5.01e-01 -4.71e-01 -5.10e-01 -5.30e-01 -5.72e-01 -6.27e-01 -6.53e-01 -7.04e-01 -7.46e-01 -7.76e-01 -8.12e-01 -8.29e-01
-1.80e-01 -2.37e-01 -3.22e-01 -3.83e-01 -4.31e-01 -4.60e-01 -4.68e-01 -4.73e-01 -4.92e-01 -5.22e-01 -5.57e-01 -5.99e-01 -6.39e-01 -6.79e-01 -7.22e-01 -7.60e-01 -8.00e-01 -8.29e-01
-1.32e-01 -1.76e-01 -2.52e-01 -3.13e-01 -3.61e-01 -3.96e-01 -4.20e-01 -4.39e-01 -4.63e-01 -4.91e-01 -5.24e-01 -5.61e-01 -5.98e-01 -6.37e-01 -6.78e-01 -7.20e-01 -7.67e-01 -7.96e-01
-1.10e-01 -1.40e-01 -2.03e-01 -2.58e-01 -3.05e-01 -3.42e-01 -3.73e-01 -4.00e-01 -4.27e-01 -4.56e-01 -4.87e-01 -5.21e-01 -5.57e-01 -5.94e-01 -6.33e-01 -6.74e-01 -7.22e-01 -7.52e-01
-8.34e-02 -1.15e-01 -1.67e-01 -2.15e-01 -2.58e-01 -2.95e-01 -3.28e-01 -3.59e-01 -3.88e-01 -4.18e-01 -4.49e-01 -4.82e-01 -5.15e-01 -5.50e-01 -5.86e-01 -6.24e-01 -6.67e-01 -6.93e-01
-8.34e-02 -1.01e-01 -1.39e-01 -1.79e-01 -2.17e-01 -2.53e-01 -2.86e-01 -3.18e-01 -3.48e-01 -3.79e-01 -4.10e-01 -4.41e-01 -4.73e-01 -5.05e-01 -5.38e-01 -5.71e-01 -6.07e-01 -6.27e-01
-9.44e-02 -9.11e-02 -1.15e-01 -1.46e-01 -1.79e-01 -2.13e-01 -2.46e-01 -2.78e-01 -3.09e-01 -3.39e-01 -3.70e-01 -4.01e-01 -4.31e-01 -4.61e-01 -4.91e-01 -5.18e-01 -5.44e-01 -5.59e-01
-5.70e-02 -6.57e-02 -8.54e-02 -1.12e-01 -1.43e-01 -1.75e-01 -2.06e-01 -2.38e-01 -2.69e-01 -3.00e-01 -3.30e-01 -3.61e-01 -3.90e-01 -4.19e-01 -4.46e-01 -4.69e-01 -4.87e-01 -4.86e-01
-1.96e-02 -2.78e-02 -5.00e-02 -7.61e-02 -1.05e-01 -1.36e-01 -1.67e-01 -1.99e-01 -2.30e-01 -2.61e-01 -2.91e-01 -3.21e-01 -3.51e-01 -3.79e-01 -4.05e-01 -4.27e-01 -4.43e-01 -4.49e-01
2.44e-02 1.40e-02 -9.44e-03 -3.68e-02 -6.64e-02 -9.73e-02 -1.29e-01 -1.60e-01 -1.91e-01 -2.22e-01 -2.52e-01 -2.83e-01 -3.12e-01 -3.41e-01 -3.68e-01 -3.90e-01 -4.07e-01 -4.16e-01
7.06e-02 6.17e-02 3.53e-02 5.53e-03 -2.58e-02 -5.78e-02 -8.97e-02 -1.21e-01 -1.52e-01 -1.83e-01 -2.14e-01 -2.44e-01 -2.75e-01 -3.05e-01 -3.34e-01 -3.59e-01 -3.77e-01 -3.74e-01
1.30e-01 1.18e-01 8.45e-02 5.01e-02 1.58e-02 -1.79e-02 -5.09e-02 -8.29e-02 -1.14e-01 -1.45e-01 -1.75e-01 -2.06e-01 -2.37e-01 -2.70e-01 -3.03e-01 -3.35e-01 -3.61e-01 -3.69e-01
2.14e-01 1.82e-01 1.37e-01 9.58e-02 5.79e-02 2.17e-02 -1.27e-02 -4.54e-02 -7.65e-02 -1.06e-01 -1.36e-01 -1.66e-01 -1.98e-01 -2.33e-01 -2.71e-01 -3.12e-01 -3.54e-01 -3.72e-01
2.77e-01 2.42e-01 1.87e-01 1.41e-01 9.91e-02 6.03e-02 2.42e-02 -9.37e-03 -4.03e-02 -6.91e-02 -9.67e-02 -1.25e-01 -1.56e-01 -1.93e-01 -2.35e-01 -2.84e-01 -3.39e-01 -3.72e-01
3.28e-01 2.90e-01 2.32e-01 1.83e-01 1.39e-01 9.71e-02 5.89e-02 2.42e-02 -6.63e-03 -3.35e-02 -5.76e-02 -8.17e-02 -1.10e-01 -1.45e-01 -1.90e-01 -2.46e-01 -3.12e-01 -3.47e-01
3.57e-01 3.25e-01 2.70e-01 2.22e-01 1.76e-01 1.32e-01 9.07e-02 5.39e-02 2.29e-02 -1.72e-03 -2.00e-02 -3.61e-02 -5.60e-02 -8.69e-02 -1.31e-01 -1.93e-01 -2.71e-01 -3.12e-01
3.76e-01 3.47e-01 3.01e-01 2.57e-01 2.12e-01 1.65e-01 1.19e-01 7.89e-02 4.53e-02 2.28e-02 1.32e-02 1.19e-02 6.35e-03 -1.53e-02 -5.61e-02 -1.13e-01 -2.08e-01 -2.68e-01
3.72e-01 3.57e-01 3.10e-01 2.75e-01 2.33e-01 1.81e-01 1.32e-01 8.82e-02 5.30e-02 2.66e-02 2.66e-02 3.54e-02 4.86e-02 2.88e-02 -8.60e-03 -6.14e-02 -1.36e-01 -2.20e-01
