-14.8   -8.33   -13.53  -25.51  -38.98  -53.52  -68.48  -83.51  -98.56  -113.68
-128.9  -144.19 -159.55 -174.94 -190.38 -205.86 -221.38 -236.95 -252.56 -268.15
-283.63 -298.83 -313.64 -327.19 -338.26 -346.1  -350.18 -350.87 -351.17 -351.47
-351.77 -352.07 -352.37 -352.67 -352.98 -353.27 -353.57 -353.88 -354.18 -354.48
-354.77 -355.07 -355.38 -355.68 -355.98 -356.27 -356.6  -357    -356.38 -370.52
-386.19 -401.87 -417.55 -433.23 -448.91 -464.59 -480.27 -495.95 -511.63 -527.31
-542.99 -558.67 -567.03 -567.54 -568.06 -568.58 -569.09 -569.61 -570.12 -570.63
-571.15 -571.66 -572.17 -572.69 -573.19 -573.71 -574.22 -574.72 -575.24 -575.74
-576.26 -576.76 -577.28 -577.78 -578.38 -584    -596.08 -610.37 -624.73 -639.16
-653.66 -668.23 -682.87 -697.56 -712.33 -727.15 -742.03 -756.96 -771.95 -781.49
-781.71 -781.71 -781.71 -781.69 -773.58 -758.67 -743.73 -728.84 -714.02 -699.25
-684.54 -669.9  -655.32 -640.81 -626.37 -612    -597.71 -585.1  -578.63 -577.84
-577.34 -576.82 -576.32 -575.8  -575.3  -574.78 -574.28 -573.76 -573.26 -572.75
-572.23 -571.72 -571.21 -570.69 -570.18 -569.67 -569.15 -568.64 -568.12 -567.6
-567.09 -560.46 -544.78 -529.1  -513.42 -497.74 -482.06 -466.38 -450.7  -435.02
-419.34 -403.67 -387.99 -372.31 -357    -357.11 -356.63 -356.31 -356.01 -355.71
-355.41 -355.11 -354.81 -354.51 -354.21 -353.91 -353.61 -353.31 -353.01 -352.71
-352.41 -352.11 -351.81 -351.51 -351.21 -350.91 -350.39 -346.77 -339.33 -328.6
-315.29 -300.54 -285.38 -269.93 -254.35 -238.74 -223.16 -207.63 -192.15 -176.7
-161.3  -145.94 -130.64 -115.41 -100.28 -85.23  -70.2   -55.22 -40.6  -26.97
