14.74    0.9     -13.47  -23.57  -31.54  -37.38  -42.07  -46.55  -50.96  -55.11
-58.88  -62.32  -65.5   -68.47  -71.2   -73.7   -75.9   -77.74  -79.24  -80.91
-83.42  -87.23  -92.35  -100.15 -111.2  -124.72 -139.81 -155.47 -171.15 -186.82
-202.5  -218.18 -233.85 -249.53 -265.2  -280.88 -296.56 -312.23 -327.91 -343.59
-359.26 -374.94 -390.62 -406.29 -421.97 -437.65 -453.32 -468.99 -484.62 -486.52
-486.73 -486.73 -486.72 -486.72 -486.72 -486.72 -486.72 -486.72 -486.72 -486.72
-486.72 -486.72 -486.72 -479.16 -463.49 -447.82 -432.15 -416.48 -400.81 -385.14
-369.46 -353.79 -338.12 -322.45 -306.78 -291.11 -275.44 -259.77 -244.1  -228.42
-212.75 -197.08 -181.41 -165.74 -150.07 -134.4  -119.96 -110.24 -103.78 -97.48
-91.36  -85.39  -79.6   -73.97  -68.52  -63.23  -58.11  -53.17  -48.4   -43.78
-32.24  -16.58  -0.9    14.78   30.46   43.05   47.87   52.62   57.54   62.64
67.9    73.34   78.95   84.72   90.67   96.78   103.05  109.5   118.54  132.63
148.28  163.95  179.62  195.29  210.96  226.63  242.3   257.98  273.65  289.32
304.99  320.66  336.33  352     367.67  383.34  399.02  414.69  430.36  446.03
461.7   477.37  486.72  486.72  486.72  486.72  486.72  486.72  486.72  486.72
486.73  486.72  486.53  486.28  470.78  455.11  439.44  423.76  408.09  392.41
376.73  361.06  345.38  329.7   314.03  298.35  282.67  267     251.32  235.64
219.97  204.29  188.61  172.94  157.26  141.59  126.38  112.63  101.26  93.06
87.75   83.79   81.14   79.41   77.93   76.13   73.96   71.5    68.79   65.85
62.7    59.29   55.56   51.45   47.06   42.59   37.95   32.3    24.6
